1
5
0
9
95 84 63 50 24 26 69 99 75 
98 16 47 64 18 16 19 17 77 
48 50 99 93 49 54 0 3 96 
7 53 83 26 96 52 83 74 49 
69 2 17 47 27 69 79 82 64 
82 93 25 18 27 22 43 50 46 
30 60 16 24 9 52 96 6 91 
49 82 92 24 30 95 71 51 76 
86 9 95 2 71 70 68 63 70 
1
9
87 30 28 99 34 52 92 29 0 
48 79 91 57 0 37 41 44 27 
33 59 69 41 62 55 97 63 31 
49 8 42 47 71 73 54 5 23 
52 89 47 33 46 9 32 86 77 
90 14 26 14 52 17 14 64 33 
84 24 26 35 34 30 49 91 0 
60 0 63 28 42 39 65 78 46 
51 36 37 10 23 2 91 70 80 
2
7
55 52 40 69 76 24 57 
26 85 96 66 23 64 16 
2 24 4 46 69 31 66 
19 63 63 27 92 59 22 
86 24 8 68 35 51 5 
98 42 44 54 93 45 5 
7 50 89 51 76 89 37 
3
7
36 38 77 16 30 38 21 
4 87 61 55 92 69 48 
59 56 78 48 3 98 9 
61 66 13 79 14 82 90 
18 60 55 26 55 68 69 
69 99 86 18 12 60 0 
23 27 61 63 74 63 8 
4
9
15 64 77 81 97 6 88 41 12 
90 52 7 8 1 52 52 50 39 
77 80 47 34 98 33 71 32 71 
78 80 43 77 67 91 26 50 82 
92 10 29 78 54 47 74 47 13 
55 27 55 4 43 12 79 88 43 
54 39 11 3 86 18 6 68 40 
82 35 54 80 9 62 26 20 9 
73 49 7 95 76 6 10 57 89 
10
0
2
87 64 
89 95 
1
3
61 2 1 
8 7 71 
66 24 28 
2
4
19 97 56 35 
99 30 35 7 
16 85 24 25 
23 81 15 43 
3
3
17 59 2 
90 98 21 
63 32 89 
4
5
13 57 5 8 44 
5 95 82 94 70 
3 61 90 33 87 
56 82 72 92 53 
35 28 88 54 88 
5
3
77 59 52 
79 53 98 
30 62 34 
6
2
93 30 
40 51 
7
5
85 70 57 9 75 
72 42 59 65 32 
9 83 26 18 45 
88 66 74 82 2 
41 82 50 92 14 
8
3
22 55 96 
11 58 25 
44 37 22 
9
4
27 22 15 0 
93 70 17 41 
61 20 8 37 
97 72 8 86 